30.0 30.0 0.0
1002.6437780887505653 0.5050187333665759 -1.7629291012629642
1.305769553783721 -0.038024675496400685 1.0458413556526551 -0.4783339074108152 
1.4473553107122754 0.957196184939787 -1.6794887331521138
1.554470056960189 0.18371728569418427 1.292043052837224 -0.25750528386667665 
1.850001700382872 0.507809949449223 -1.5266968241063135
1.249824804474477 -0.1259841573986497 0.9834542677579455 -0.5796886356892624 
1.096897427417059 0.3996217533640205 -1.0685436638256807
1.2248893155113811 -0.1600465838798003 0.962706763892768 -0.6161381671887145 
1.0806515692472405 0.18286007092351603 -1.1906026876210236
1.3378264330340641 -0.04781626833002735 1.0743006639674615 -0.5043222662070769 
1.3180873478377797 0.6960322575205742 -1.0099042662379707
1.0392982348818534 -0.3622191824863142 0.783181767749295 -0.8234736280693835 
0.5814743302191694 0.8111240998964211 -0.7237149165385803
1.1943965439641784 -0.22960349289796061 0.9325755765398466 -0.6992711054430883 
1.4948884929671045 0.2697184197566431 -2.1756728806321686
1.8849198965571576 0.44763396135022315 1.612570965819245 -0.025969921722623336 
2.5690831439465085 0.5824496739306624 3.207592393952754
-3.878580800067151 -5.311501990072455 -4.149139981095234 -5.785930393214179 
-3.3009889534176584 0.8748477866496032 3.330750564182191
-3.887910799866204 -5.336515753314001 -4.161967992649458 -5.818030662115793 
-3.3376521035403846 0.3230846588353492 3.2801271497506788
-3.820289919851875 -5.273202209375999 -4.090174004042352 -5.758950108498005 
-8.629398350592249 0.4213275665627401 8.137448311377325
-3.3314589750367736 -4.771429788417606 -3.600240278899362 -5.260506509943743 
-8.49550096661744 0.2140562509471135 8.57167408197932
-3.4050618871431886 -4.860355329428521 -3.669237383498369 -5.337506907124603 
-8.269247273641797 0.9139339574691072 8.773644668568856
-3.911078248492759 -5.342003500093226 -4.169907118706965 -5.815528085181899 
-3.390687620505836 0.030629768596049153 -2.1745604805125707
1.6593299750573118 0.21949946482495347 1.3953728485220778 -0.2538116810300776 
1.6235994164308194 0.7014426003629597 -1.270026018250067
1.3200569707514629 -0.13038061877440338 1.0548415542041136 -0.6132603758293912 
0.7589609170257807 0.6477422308336896 -0.291450711690996
0.8728236420381132 -0.597789469126876 0.6124593668970676 -1.0879365817201898 
0.6843332870683827 0.3598401410188688 -0.7363085747428364
0.9269024985134648 -0.5463361615107819 0.6646583667229429 -1.045562857905873 
0.5393143298120684 0.9012788782818929 -1.0832639161262592
1.489253016742575 -0.00647241807521636 1.2186424542533 -0.521740281130717 
1.4514788523807074 0.2165127189636049 -1.4027742137147872
1.4431360110305276 -0.05717094756240214 1.1689055553150294 -0.5766973435172122 
1.6301106982940612 0.8495382731025368 -2.2442112128373264
2.0685235429308007 0.5547032239769826 1.7996636987460712 0.028479894575971207 
2.1410637197861946 0.44000619856086454 -2.1054434390038104
2.0397486630541746 0.5151244085913381 1.772890540088845 -0.013265979450363185 
2.0710528134328663 0.5291154406804048 -1.4830807018253416
1.459363136518717 -0.07186043360937791 1.1923299884457614 -0.6144006175882453 
0.9506535267507411 0.04055175768367575 -0.11256682295449633
0.6130339328117974 -0.9132302646556034 0.3491334024967859 -1.4495358319975304 
-0.12585992944030633 0.7095875714227776 0.276548262513708
0.48243156846218405 -1.0680550848782264 0.21238784377939815 -1.6198837324208348 
-1.0249814036169786 0.10804789090851252 1.0002707836683853
0.5029523728973725 -1.0529381033028355 0.23121287924998238 -1.6061991327089578 
-0.25265310379158523 0.5938438218695741 -0.06659728019948542
0.8326784905742295 -0.738487213704249 0.5595774808796384 -1.296983473650232 
-0.12579619903121186 0.5706876593945716 -0.2733904748091989
1.2386500991887877 -0.34996950992333997 0.9600012105605735 -0.9148085416627111 
0.523826385993047 0.0772927507673937 -0.7927357721162948
1.5087625024752562 -0.0794213670738522 1.2320014212939985 -0.6442254210475965 
0.824101545198828 0.8487186070494589 -0.5357423748096184
1.2366020058833818 -0.3758014701859899 0.9571697637601743 -0.9575999582490126 
1.0653635395259506 0.25680811711887486 -1.6385147985584936
1.8209170461601596 0.2047124837533596 1.5436022137337182 -0.3763003000996444 
2.3783136634250295 0.5426128554452269 2.94336132991024
-3.494483432338837 -5.105110224234272 -3.769586852784117 -5.702828675088283 
-8.712259451621918 0.322366879104812 2.8022936169203874
2.4200996803362322 0.8040378145275904 2.143027953639013 0.21178234530898876 
-2.9393857664637686 0.7503229063927629 3.0790715200153755
2.282874529148508 0.6816391870452724 2.020216091006017 0.08800661004735491 
2.6003444681912558 0.30506566946894886 -2.0899212538004486
1.7801509997143905 0.17139103464377842 1.5124102524345526 -0.4294763777760796 
1.8088737051247652 0.037597006215481454 -1.8165488279171813
1.7965497167805704 0.18677454098573587 1.524194171766068 -0.41460587447825237 
2.0463405417155793 0.8507981423043464 -2.094893467696244
1.861514469861267 0.23788791236607962 1.5870020383914853 -0.3664329374354138 
2.301679009646734 0.6023723490113962 -2.4662668642007484
2.027803702635502 0.409269209343914 1.7645401266600165 -0.21051549060015828 
1.7420684896702847 0.19461335487010745 -1.0129070827411777
1.3094857802022994 -0.3259524367348069 1.0317338820689068 -0.9396487137872739 
0.3053655770501291 0.6379905272415607 0.4391684032829042
0.5651942889741308 -1.0826451008346447 0.29367816445959927 -1.7138833056527971 
-0.4616732961856812 0.9931802358921927 0.21753091661406315
0.8187464118634277 -0.8602662247841738 0.5486250162342898 -1.5034272815512923 
0.15632119946709067 0.686260768095612 -0.8567793402407468
1.538647336435929 -0.16470793822790386 1.2575852820447289 -0.824600565348656 
1.0493176106460291 0.9749003830680764 -0.4967165326539141
0.9976764483047437 -0.717065051827289 0.7284102239335005 -1.4022786949459143 
0.025637267695621416 0.5987845534511763 0.3931167328826931
0.6000662635610836 -1.1472897439839875 0.31747321908469184 -1.837144367523751 
-0.523415062796548 0.961992502373958 0.6051994411069233
0.5294095180470858 -1.2417379575405376 0.25058506459973506 -1.951197248440557 
-0.5602557038302823 0.3824233961687985 -0.032639904674140574
1.1337945157029432 -0.6399675862471074 0.851917944966862 -1.359843307306538 
0.4507050116499794 0.8993398151454843 -0.8729563489524644
1.578552390670944 -0.2316350593038784 1.2944356322704569 -0.9744132868826648 
1.3960945368158206 0.8451532336793547 -1.9153491595903105
2.117210093278814 0.29218128257635567 1.8367943811646283 -0.469905811840123 
2.440524319673236 0.978849693019056 -2.9073340847067266
2.5967368324829305 0.7702187208411851 2.326667853217418 -0.0012844719576066334 
-3.165092056515406 0.9840171897898111 3.588333058096353
2.185125570656923 0.3687707919487041 1.9161281707659488 -0.42305961632420624 
2.4608861210612223 0.7445545273992544 -2.9207945186136675
2.656005539689176 0.844063702468926 2.3896748657513225 0.02954777149843826 
-3.085623434046714 0.3109598547467255 3.377178382675097
2.3671617881643727 0.5531441665251736 2.107028393491747 -0.25486538827038485 
2.8401413155102007 0.015307043978935023 2.862660755430365
-3.3347083445428782 -5.1454622950331785 -3.592905801128694 -5.956556394796684 
-2.9094268957780174 0.619888751558641 -2.891178442179363
2.4779189901663563 0.6610971317769806 2.2175270167383503 -0.1555426532349029 
-3.0136594240008754 0.8727266431557752 8.928904377931229
-3.436916090015681 -5.229481974051732 -3.687681325031857 -6.052959248810294 
-9.129801504740879 0.9069242867610489 9.195503873504734
-3.480888413584124 -5.270453138886656 -3.7327611028597087 -6.107993522322136 
-9.265602333946228 0.8850708154268679 8.844390964115918
-3.0534757522996054 -4.836064696619766 -3.3078877068640327 -5.6837184430330066 
-8.113533851569498 0.9026611203069701 7.511655317749015
-2.466792224117492 -4.2185244667005035 -2.707777047857646 -5.049907700291756 
-7.310486859406213 0.12924631241885368 7.917896567786805
-3.0788745925034893 -4.822142123616236 -3.3094578869968334 -5.654880467525703 
-8.098252990401232 0.9104491356076564 7.361175720205302
-2.339779555116278 -4.061198720457144 -2.58208555788671 -4.876987296063687 
-7.423680440042252 0.6596114801414149 7.618461701666517
-2.5473666385285334 -4.250977830470393 -2.7804592806859714 -5.054130310297582 
-7.634485118635363 0.7600793374248616 8.064189435845407
-2.9778344432071937 -4.664618478401734 -3.208611266703845 -5.458345471932881 
-8.675411310817923 0.6836160496002236 3.3171396444650423
2.3853504150962017 0.7087409359765707 2.1561690061157806 -0.08418609116033716 
2.1735523806881076 0.7398012337579756 -1.971733447404417
2.1858394665391985 0.5094343199157891 1.9647296271248798 -0.32130084944685866 
2.0178953196622706 0.9142515627930723 -1.9002297784226043
2.0853115859972724 0.39688304810255015 1.8574791455836277 -0.45710116460534916 
1.4483943373962456 0.7013810400769102 -1.49869399114978
2.1459478841948867 0.44371023603603665 1.9260326771307703 -0.4401130223093152 
2.059240258623469 0.7043660250840801 -1.913100490754097
2.012023778606299 0.30755946202709744 1.7955083331464097 -0.5895507089928934 
1.92511830771224 0.7482018398440734 -2.6146278330180066
2.7155563218053467 1.0090445733353306 2.500660380675877 0.07980205608171402 
2.9296779627213527 0.958527283156407 -2.7272290047239665
2.5246275659784305 0.8273341373800925 2.3099470513991105 -0.12988190805811622 
2.457564305149851 0.32292368904806024 -1.7377285198828636
1.8076557737716992 0.11265715995029486 1.5954447439346884 -0.854807043411027 
1.047132942779602 0.43930408234838453 -0.30237789648397007
1.0720688392559827 -0.6303128997120818 0.8676544110651503 -1.621179677475418 
-0.37640753419704814 0.10835031464252422 0.3901714476204366
1.0675561926642214 -0.6436899351741909 0.8537568463313724 -1.6376345848586322 
-0.14264845461411316 0.9678525272730177 0.12882407713673075
1.0938203898229253 -0.6461694641847124 0.8835945618699358 -1.6913958609954536 
-0.3606232923018395 0.9439635816952959 0.9224629833834921
0.5510912373438773 -1.222312242094479 0.3343803131572565 -2.3117900031214584 
-1.441657357475977 0.9255007483018125 1.2012670786554946
0.7975750420608431 -1.0040305572841361 0.5812238644389411 -2.1113020133476708 
-1.2330893504793299 0.8222893752577678 2.109856597288519
-0.08143605115292597 -1.9000120071994255 -0.29286415363667134 -3.0218279303354585 
-2.2258293687598756 0.8552466766368794 1.7713853648347677
0.37579577711550993 -1.4796502325114316 0.15175431873902026 -2.596768647115788 
-2.0520186984806905 0.838397615048416 2.8819669643730874
-0.45179112094320534 -2.3305001791140163 -0.6766451071188642 -3.4285663253152276 
-3.5211016990133777 0.3883220194205446 3.6554511608233335
-0.5853048354431825 -2.46267974892368 -0.8167028962799217 -3.5591067832904257 
-3.9871639422373963 0.380563284132064 4.161536605318017
-0.7658034527682336 -2.640514998578841 -0.9943992121727306 -3.710814946699026 
-3.4927446539779994 0.8657159124644541 2.75567781390219
-0.04040740717226264 -1.9259908901753153 -0.27816176708659845 -2.9786241932079762 
-2.8306760331690803 0.02818359937898264 2.961753836842821
-0.16728488642665465 -2.0583612825606084 -0.4016135769659129 -3.1119812532811264 
-2.293205286538139 0.8866645948345723 1.642159028920691
0.48604043477952125 -1.429690195107756 0.25106276990660653 -2.4809781080482467 
-1.3711423436816763 0.44912057497381036 1.5317494503499203
0.3327475051930866 -1.6001360349290883 0.09669599827836653 -2.6541667944372667 
-2.19940920597157 0.3386521664914347 2.2643036318259675
0.2711577838360137 -1.6691850266316097 0.03111084820082069 -2.719821870479233 
-2.240558906272823 0.30441815451364274 2.718998744070872
-0.2088534912925998 -2.160349974841786 -0.4578632051908719 -3.2006004476663774 
-2.7868007834191517 0.5483058985359505 2.6572841240441405
-0.07882876880308723 -2.0410710900922506 -0.321576263348522 -3.0627473975156425 
-3.12644276212134 0.924821407948808 3.8856356922846205
-0.8528549580780015 -2.8097858205660753 -1.0994069325252065 -3.816462338815206 
-3.8430385023231324 0.7051254233945989 3.327458186551557
-0.34041474044162173 -2.297293285977731 -0.5914960520473603 -3.2839084899142335 
-2.7995215123001933 0.9254703423001939 2.926178007654198
-0.4676966745226596 -2.451164934292352 -0.729703569405393 -3.414600931132841 
-2.8801542745702973 0.834916864850744 2.839592169685159
-0.42657628312691886 -2.4326961046825777 -0.6976560288796344 -3.383109572934425 
-3.681107798930958 0.7153736968805703 3.9448074838536034
-0.7081039116610517 -2.7111919872301264 -0.9774546213834209 -3.6363287878042425 
-4.266582886515317 0.9815465202176015 4.725732423152051
-1.1943722201416203 -3.167252730990357 -1.460190354745995 -4.0676393623530975 
-4.277417317753311 0.5623911279334382 4.118811046401649
-1.0357242322582283 -3.0088404161673994 -1.3155268268913893 -3.8955400752214477 
-3.9267790235556213 0.1384460872563439 3.1845503378062947
-0.2992301872207332 -2.2738725824120483 -0.5712546064000881 -3.1546701681193996 
-3.375142515162425 0.24035573516384545 3.2939652996981588
-0.2219486632025532 -2.1985909723281214 -0.4980501677160654 -3.0727260504878733 
-2.6654859914287043 0.326657201009695 2.766981466170963
-0.32634725864596126 -2.3037271535507102 -0.6063634522355877 -3.1740877794304168 
-3.110657211713514 0.6269215211324909 3.531170771724598
-0.7528289803579026 -2.728357334127715 -1.035164948743813 -3.5955147824753912 
-4.1911227956228405 0.30163119311987696 4.973894733832258
-1.5382626945737587 -3.506319113390872 -1.8292227129414773 -4.367571870800358 
-5.236743094162629 0.5899651010537525 4.976497121348049
-1.2892566010637112 -3.250609777727422 -1.5735302448422643 -4.084870270012462 
