30.0 30.0 0.0
1002.6388795977337565 0.4874623362922482 -1.7613819143696055
1.251386109938033 1.699526077578956 -0.41325850267081626 -3.2191435614169697 -1.631486260670423 -2.390528627774425 1.080683584254039 -1.0137504844888772 0.16680865012409 -0.0712626665982686 
1.4502562435180597 0.9596447085129648 -1.6816895265934078
1.5040268652976938 1.9698840983279766 -0.1850324291942308 -2.9837915067255647 -1.555590375453294 -2.1913357012533257 1.3301833062998065 -0.7934736185513677 0.3991646650469845 0.15434097169739913 
1.8423622324803326 0.5041582975822653 -1.5266442312842048
1.2071311173839743 1.6713867986290574 -0.5084545547147536 -3.3074502123431464 -1.9496536930668273 -2.524651523859005 1.0160089431698038 -1.1231541296022884 0.09091035164356664 -0.1451410279131272 
1.1008868133024317 0.39561706756345844 -1.067015918571691
1.190675985548991 1.6538186449877097 -0.5439169054888248 -3.333119717954078 -2.035418897365059 -2.561928451889531 0.9828253154329921 -1.1572037794326346 0.051439500426150725 -0.20233442270380692 
1.0799780348534336 0.189636201058337 -1.1940407308065724
1.311208920792456 1.7736127142233828 -0.4332924253118357 -3.219269506421707 -1.9442252667144981 -2.4536376245581946 1.0927950569566631 -1.050175731872047 0.16142583510944472 -0.101357359243862 
1.3214318492381905 0.6736418122482397 -1.0139481308490401
1.0195171180203648 1.4873867332353752 -0.7411999977065518 -3.5279844091902692 -2.350471418547121 -2.781004076799435 0.7957726055882368 -1.369781406572302 -0.1456912179698641 -0.4396091704943749 
0.57668438809668 0.8127851069506257 -0.7232741095786955
1.1797263013770054 1.6589304229803947 -0.6166262993105007 -3.370451923255424 -2.274679038871776 -2.641926984894454 0.9469755273762631 -1.2461377245989145 -0.011536500456685684 -0.43510030274651684 
1.495239420338124 0.2830266979285218 -2.175815947005606
1.8755316534387074 2.35335168694544 0.062416433862144745 -2.692028674850416 -1.6287325408244633 -1.9698879983522595 1.6286949090182152 -0.5624048046318866 0.6708190659355484 0.2542242543605629 
2.568776816069341 0.5726137763141086 3.2046851340817892
-3.8822317154245414 -3.402679183886794 -5.69756088885151 -8.480462331662576 -7.473392623494041 -7.764363654513244 -4.139779057150033 -6.337562407806188 -5.086838334723728 -5.420653558543108 
-3.3026388498792327 0.8606982558424442 3.326970098808702
-3.88415125765166 -3.4062875816796114 -5.731943845599624 -8.524934890512581 -7.619994308572415 -7.814055719039821 -4.155298869827639 -6.370560836866513 -5.09729765967972 -5.2380564864423675 
-3.3388759230869103 0.33168721130013584 3.2763579040120208
-3.8114433110386505 -3.34020484526843 -5.675738150092128 -8.470582786207919 -7.607071187497773 -7.766899856529678 -4.089931653030972 -6.3185120839455795 -5.028533417563587 -5.044642740403285 
-8.630069973342088 0.45292939050730446 8.138412435927643
-3.3190999119680864 -2.8547600525586554 -5.175238090574423 -7.9878157525322715 -7.156804122551018 -7.284149259888219 -3.5959688323753003 -5.8265420185229395 -4.528505840330277 -4.2893243228555855 
-8.494471802731205 0.22128595763206874 8.56921958171976
-3.3934643364996617 -2.94077303546578 -5.2592104260030865 -8.076044275412631 -7.260627475443849 -7.377515119537369 -3.6772868357376503 -5.902120355040291 -4.600930854772774 -4.224815018004181 
-8.273569805586424 0.8918970843394065 8.772004260249846
-3.890195289684342 -3.441657982403555 -5.738278950341136 -8.604777214173676 -7.873836490958976 -7.896964527933353 -4.1676860191435905 -6.398462582288765 -5.069758635829112 -4.349147429753567 
-3.3924265835494336 0.02874589614618602 -2.1706529951105398
1.672894137901735 2.1122527547768057 -0.18350384789257965 -3.0463598885904895 -2.315483146962017 -2.3343189860823332 1.3964092170810296 -0.8373163645805994 0.48804872231476176 1.2238050674765937 
1.6229933489483226 0.6908392952407817 -1.270010074679466
1.3441214526902112 1.7908238487759953 -0.5301096528335204 -3.3936223164451684 -2.7173013619018 -2.6993974174307924 1.0475271857610284 -1.1952477293681285 0.14431055123560935 1.176173191801244 
0.7577944345318348 0.6514844336670956 -0.29351193398055425
0.9044553925218712 1.35337644598646 -1.0066639854346615 -3.847671783112906 -3.1791777215493737 -3.1631556458934624 0.5959139491853922 -1.6631089629677587 -0.32190747525911934 1.0305768560813011 
0.6825115361473549 0.37855864870376027 -0.734205444052854
0.9650884465940301 1.4163503477435988 -0.9547153106168048 -3.7893838028727056 -3.1460107754915114 -3.1155021117297337 0.6476291688233604 -1.6265472420654268 -0.26795275798156337 1.3174449013948877 
0.5362271177323107 0.9148907843000127 -1.0795363373886324
1.531714446220003 1.9897637691145045 -0.42748876037377426 -3.234422880154665 -2.628435759091654 -2.5815482072090807 1.2048132410128984 -1.0959485381522422 0.27269238375493193 -3.8774516469297686 
1.4554886289340827 0.20132814908052382 -1.4056078206835252
1.4929460756321868 1.943823729512787 -0.4870135527416122 -3.2849480568253733 -2.694224629345246 -2.637142361355393 1.1503694587351172 -1.1505146259085453 0.22437168626478637 -3.8597979837860876 
1.6313782981418152 0.8472326857977123 -2.2419093506793826
2.1247369589027603 2.5801313491405655 0.12935745278752095 -2.680989508667175 -2.138558637072062 -2.0468349567583 1.7742960741531038 -0.5526261211103578 0.8481466895776261 -3.129195134596277 
2.140427775214489 0.4334066149094633 -2.100626761008345
2.103550423683407 2.5470449937281905 0.08363428589705739 -2.7215837786456594 -2.1980367662142846 -2.090385962264033 1.7400624835628113 -0.6018794816422453 0.8147192038097808 -3.1248972868674847 
2.071507388233262 0.5329701278664767 -1.4855199065642177
1.5281250541438225 1.9773333319916042 -0.507660263163821 -3.3163936757433894 -2.8134501334831117 -2.694402402554842 1.1547928216568333 -1.1991389985446703 0.23503535193781047 -3.6635877402259607 
0.9570307382379616 0.0645276657844473 -0.11355548623080626
0.6930344120026356 1.1423215023296256 -1.3481206706702695 -4.155587559835905 -3.658893412099509 -3.531601924931642 0.31862248418865635 -2.0372078027825475 -0.6082046175385996 -4.486685846951431 
-0.12179941848185737 0.7070179501550621 0.2726912301034646
0.5600520765223577 1.0108988378297905 -1.5040140046458108 -4.288081885108586 -3.7923224530951885 -3.6846495063866964 0.17427618397217587 -2.2053921467280224 -0.766450089210351 -4.489206284905514 
-1.019990089553063 0.1084630280396538 1.0018075871030745
0.5884924341139834 1.0346818748464348 -1.494302436038474 -4.270333222032435 -3.769325645718793 -3.656974021278165 0.19222259453753385 -2.1830606917702906 -0.7482403162917355 -4.437231910958145 
-0.25439964653863917 0.5738170518260173 -0.07117610177357436
0.917345489847819 1.3725158166289226 -1.1863191080647861 -3.9366019081993113 -3.433646447770344 -3.3351707110244315 0.5235624082836213 -1.8748495992336238 -0.4364293694816411 -4.0208577369136815 
-0.12690574940017202 0.5559701920143612 -0.27564891780344375
1.3332175808631315 1.785660559692013 -0.7988836306878233 -3.5200155315302344 -3.023008740613379 -2.936084964007547 0.923442895808733 -1.4878018261524317 -0.04327282972207335 -3.5275428391132895 
0.5222730981433897 0.06263490640820929 -0.7924286612168574
1.609620849899718 2.0656019714937304 -0.5306048421524677 -3.250441557984773 -2.748083573945482 -2.6578003124559104 1.1923341485474923 -1.2080952117084474 0.22284210172921426 -3.248469760083902 
0.8203839415346761 0.8206246303278004 -0.5327087778864837
1.342195479340904 1.8013975944555354 -0.8224197042244963 -3.5316216554560698 -3.0388268310267375 -2.9516545322698358 0.9111305724729615 -1.5200575360774455 -0.08191649994617725 -3.447938173906296 
1.062302748185418 0.2507419223886151 -1.644111184631558
1.9321686256713153 2.390146338049701 -0.2520033335128906 -2.9482689892303307 -2.461800001362798 -2.372939817956906 1.4958320327909058 -0.9443583799461295 0.5085430199092994 -2.872720968696006 
2.3757215959176827 0.5094995528854938 2.945757861080203
-3.382225987633032 -2.9231615824179253 -5.563625602996386 -8.275807332726684 -7.812835916498714 -7.7070441778802765 -3.8254682004717937 -6.2688078157476035 -4.796021345689979 -8.25242477103499 
-8.713034085732502 0.3138830727740659 2.803053514147923
2.538601080304989 2.9890270742979634 0.3438221760914038 -2.3764057415306534 -1.9327689805116446 -1.8067048832073198 2.0930429895245433 -0.36274683718148626 1.1292273044700873 -2.3969690081405695 
-2.940232046101145 0.7326161766946837 3.0786232547323005
2.4053891353442665 2.8399282557543244 0.2137574383201259 -2.5335764946256822 -2.1199424917991316 -1.9621845717270292 1.9618670996607468 -0.49154525289138573 1.019164363431465 -2.628548088629712 
2.5989237580114954 0.2910967302929155 -2.084690091541372
1.9036781160064618 2.3342243208979836 -0.2953600609484132 -3.0458900068612897 -2.6489548204880764 -2.4849259500162457 1.4550677355083201 -1.0117421351946276 0.5205739536409063 -3.1571998560239294 
1.8050144672489299 0.05309569056061598 -1.814009740696807
1.9122159844032647 2.3395526582951423 -0.2862556562056066 -3.0360618077742934 -2.6369743004159822 -2.4737895168957684 1.4619971506177385 -0.9961448998157433 0.5309319191240532 -3.1401136856837306 
2.042013772965735 0.8484920193336596 -2.098114066775557
1.984062824286124 2.4121013850053905 -0.23833388314323795 -2.997335417136624 -2.6271630522811944 -2.4400433678378364 1.5233818951362939 -0.9653960192433128 0.6101394126467525 -3.115765050910221 
2.30479112570935 0.6064497872260318 -2.463205110183048
2.165931193317012 2.5724845255872557 -0.07282204552087247 -2.8411752447265273 -2.4983862212887886 -2.296866992947062 1.693148614860427 -0.8091554192059364 0.7855698160503076 -2.987190518501977 
1.747441120450599 0.21489429341764757 -1.0121220287513868
1.4349821590973815 1.8425574280134833 -0.8105390170732377 -3.572528734371424 -3.231195976241678 -3.0283960065894155 0.9698166165504125 -1.5412244306283094 0.0586115327897032 -3.7166508943716 
0.3120844552072868 0.6372984186633386 0.4456113884374254
0.7062422144666739 1.121171698782549 -1.5658342561384933 -4.312571102563847 -3.9586336022625215 -3.7744574941953357 0.2217352190758763 -2.3058452769863065 -0.7040437701967286 -4.402784047454616 
-0.4575619808514619 0.9693204043122853 0.22038730088375033
0.9739252858409012 1.389659253814854 -1.3469529098278854 -4.051039519803968 -3.6971738163269614 -3.5265335431781737 0.4667245104410968 -2.075327958974888 -0.4780850847133802 -4.076435848924288 
0.15633501839405056 0.6800478726724279 -0.8537988749881357
1.6926080467945046 2.1105858849354444 -0.6674770813661925 -3.344283443298675 -2.9920413164409236 -2.82343068588075 1.1791302364094567 -1.3912898460404852 0.22517765561478598 -3.3451790542161146 
1.0450844843651697 0.9856491540885048 -0.5003121023303916
1.1727107859439978 -4.693783424221321 -1.224774281202404 -3.8841288570885886 -3.5399352365423074 -3.380682012082769 0.6372109284402966 -1.9629051910913307 -0.32731686080487415 -3.8707728621675925 
0.02697247840961108 0.5978972808692001 0.3910287882755233
0.7751214459860947 -5.093855513223459 -1.6608803604691584 -4.296337638725551 -3.9462260503522324 -3.7982751929685943 0.2219120241453295 -2.3831314154063037 -0.7489804485381946 -4.253822720254679 
-0.527480071445472 0.9504359376506079 0.6043284411717764
0.7240146218621875 -5.1432441787214795 -1.760088758642653 -4.367747308075646 -4.0098579526077565 -3.8719340553848522 0.15399274646514505 -2.48069924295155 -0.8580446231873889 -4.2795258466980295 
-0.5722013957357769 0.37957107507645454 -0.028099735095754357
1.3406624118422645 -4.530579484450245 -1.16668462748485 -3.7560502475130777 -3.3987915385024605 -3.2656997165850834 0.7522547284084382 -1.8875315580946967 -0.26277475146106044 -3.6614898992579032 
0.4541478107313125 0.9072143896737839 -0.8721470776339106
1.7904594045303683 -4.090138401159307 -0.7640037373566009 -3.3235400755664326 -2.9779613344355993 -2.8455418562416925 1.186394681664438 -1.4861012486411627 0.15110528409266838 -3.2217274063280636 
1.391904554306027 0.8666343374173897 -1.9169329876202879
2.3328352727113253 -3.557642720643546 -0.2507869208931758 -2.81196112685827 -2.475858745955732 -2.340559355131364 1.7193627912934406 -0.9737371105860532 0.6977216348700633 -2.7123342029107005 
2.4335733362871785 0.9720544190745631 -2.904208603531581
2.8153851516652115 -3.0796895179909036 0.2201176311800979 -2.3520309717951275 -2.0368246910139285 -1.887764910668142 2.202681733628615 -0.5205621085224079 1.2237651158393692 -2.2897964526988837 
-3.1723341098075366 0.9838806849328599 3.5864415539064973
2.4072225238071043 -3.5018543324526026 -0.19676181851229196 -2.79039349762398 -2.5057793746738066 -2.3300431899798713 1.7917169166059488 -0.9519422521629932 0.8626830113482244 -2.75690773340378 
2.458801351233138 0.7701142664080887 -2.919116222925625
2.874481699067407 -3.039361277251244 0.2664854890144103 -2.3421212706184455 -2.0647543100260894 -1.8829288230778374 2.2629837073592167 -0.49357219178622674 1.3675507179292263 -2.32982997676609 
-3.0873247088369453 0.31368237774854674 3.381080914110275
2.59012557724657 -3.334638083229282 -0.021687198792047918 -2.6353749784182887 -2.3727771228290364 -2.182623572974594 1.9780679875919578 -0.7944593572974237 1.098823729631379 -2.637804180363591 
2.842854502697209 0.03943136156306499 2.861184653282732
-3.114857243945577 -9.03967394172577 -5.720876356985894 -8.33742681284196 -8.066965261598261 -7.881795102775909 -3.724387817317726 -6.4916965844001355 -4.59927119443706 -8.337262912667406 
-2.9062279169395597 0.6057436326822145 -2.8961366949423963
2.68930665421487 -3.2364216269712847 0.08249246310088235 -2.53841954633219 -2.293538714843352 -2.0898742472706764 2.082674123711713 -0.7006842970432968 1.2440260953356495 -2.5607775831551836 
-3.017888963362104 0.8870340651433203 8.924812490987506
-3.2214804208657255 -9.153442262528712 -5.815233102188355 -8.471241614278204 -8.240699444791405 -8.02162123366111 -3.8194048109811614 -6.603646472391974 -4.618580005503039 -8.508874159859875 
-9.136708547434768 0.9255304504220898 9.18900609165455
-3.2759799399071725 -9.215884559094158 -5.86773946342663 -8.547553714215189 -8.327700999551864 -8.09867274868501 -3.869507778500494 -6.670925061917103 -4.61945669574885 -8.614781512938233 
-9.266916790219854 0.8918889530605872 8.844011427804364
-2.8506710149009247 -8.80537419928109 -5.437381502594366 -8.13427582756211 -7.940912452222257 -7.696334627887985 -3.4408401694660995 -6.260536775305894 -4.1367550571721265 -8.225193373190512 
-8.112898922531626 0.9093862143913651 7.516325899177183
-2.260142367015834 -8.220708754589339 -4.809363179199857 -7.558070152009824 -7.3828631203601605 -7.114488172089962 -2.8343882764121564 -5.660754197221242 -3.500551682495469 -7.674141780544349 
-7.308570833846028 0.14081182304492937 7.91664191113913
-2.8765937129787598 -8.834707158422507 -5.420832799871711 -8.164879748305795 -7.993682072691309 -7.7270611400909806 -3.44845380171212 -6.268363527103425 -4.103931664390775 -8.291728593089456 
-8.098902618429783 0.8923313011283535 7.363024074452638
-2.1454397794519844 -8.114958133016927 -4.6554449499889845 -7.454728449458929 -7.285335147984205 -7.004806598379228 -2.7139612384869496 -5.522528535635309 -3.3293064113017423 -7.601449495485331 
-7.4181058397139115 0.6505514421407709 7.617906950735542
-2.355004240450584 -8.320452538973058 -4.842355334026336 -7.659045751257698 -7.513016481858786 -7.21701556558264 -2.91094765724552 -5.714626459272408 -3.508508284870095 -7.83261883419215 
-7.633417171181093 0.7526365679231392 8.05819908679307
-2.79448866973403 -8.767940109931903 -5.2445762913941 -8.109956899490394 -7.9795931949038446 -7.6649763804161335 -3.340040127128702 -6.146118591740631 -3.9176588271151074 -8.299607974681946 
-8.677013002206737 0.664656722864976 3.313588723786186
2.568869452086717 -3.408673205494729 0.11413736703544328 -2.7531572354314684 -2.6388096752089254 -2.314227236426048 2.024307337978191 -0.7896726662894383 1.4853523228825967 -2.9587288233450555 
2.1742876476507718 0.7609681721496977 -1.9711998645858906
2.3728378610182315 -3.6061945812534417 -0.09467642065880257 -2.961752702121033 -2.8522194887110954 -2.538565309041542 1.819632905436822 -1.0167540433169662 1.3131450929005208 -3.1626306053040234 
2.0168701574653265 0.9264259591136677 -1.8946758007467723
2.2733272933456843 -3.7146270336258627 -0.22338136788168997 -3.087850406174047 -2.9744738642318165 -2.6638785854749787 1.7200672698129842 -1.150996863786127 1.236400581001266 -3.279913986867168 
1.4543513269210142 0.7284245090666779 -1.5016943321806255
2.337581505945844 -3.6521298489494374 -0.1913413630446341 -3.024317226194659 -2.918255572122743 -2.615305599939421 1.780583437296053 -1.11807164629614 1.317992480986535 -3.2093231129829047 
2.057065737073568 0.6935273836441775 -1.9195141676430616
2.2106499875178183 -3.7842874194161653 -0.32744937203242924 -3.1695727329632604 -3.0682353569775636 -2.764466187057335 1.6439435080168745 -1.272527845280372 1.218208761117435 -3.346101769423376 
1.9244719080042678 0.7231437879656314 -2.6115115156911477
2.917833605584552 -3.0894963003952607 0.35594193073528496 -2.479126972272006 -2.3806981970296963 -2.0788918293934584 2.3452346352104567 -0.5974949500688422 1.949447790141856 -2.6594869937563286 
2.9324236200677976 0.9452636562690817 -2.729654109527976
2.71975546222875 -3.2860723325281187 0.1589485326325386 -2.690578168455116 -2.6020354946694515 -2.295505629122388 2.153051074314079 -0.8118666585663434 1.8053128223717105 -2.873140470863194 
2.46264670604975 0.3096684861059969 -1.736325924555215
2.0026946291559584 -4.005766065373303 -0.5580706907035772 -3.4126308317625473 -3.32220072348579 -3.015258981154224 1.4435598386317827 -1.543965632732012 1.1029239319506041 -3.588498058437792 
1.0427959952019783 0.4539265230191348 -0.3038017798364852
1.2727479413601506 -4.7320901542815905 -1.3116628431022965 -4.149813750121225 -4.058241157607903 -3.7608785583457176 0.7078662735627803 -2.285819865416302 0.3796279146868269 -4.3198427212787935 
-0.37646841478912185 0.10405487667812302 0.3854193301032153
1.2718703977633852 -4.746177656270727 -1.324581722447154 -4.157418509177906 -4.063634301937996 -3.764924360528873 0.6930297026282835 -2.3025913529822555 0.3796555099897791 -4.322549929145081 
-0.13727351417809153 0.9778907300733909 0.12718004942155853
1.3024831053777766 -4.716128719402393 -1.3398291113258038 -4.129778346378795 -4.033861006746983 -3.7487455012390165 0.713264068353462 -2.309388256310329 0.41317932523964007 -4.280739963283676 
-0.3629861962542859 0.9716974248589961 0.9212577318152242
0.7613998141677765 -5.250281790557695 -1.9377260994167596 -4.678592774704945 -4.566348921115231 -4.287308163070235 0.16353413053968838 -2.8808854933906267 -0.1252132723789476 -4.803757594685258 
-1.4420858543090331 0.9498467592989 1.2020863601741363
1.021792972281127 -5.000367698950252 -1.7289437336621678 -4.422279482659745 -4.292242733592121 -4.0471154733985815 0.4064025974130957 -2.6476526948425745 0.09581772650267689 -4.52632642025929 
-1.2262095490530545 0.796500828760707 2.111090200464644
0.14138554459931554 -5.858464764909964 -2.6273807535307117 -5.285585948811453 -5.1512992913047055 -4.907380326068966 -0.47844135205443955 -3.525976572223182 -0.8046701354793883 -5.38290809170394 
-2.225135597324653 0.8444286528930586 1.7786261077715166
0.6060415357641957 -5.395248622353728 -2.2002073930054826 -4.82485754560649 -4.674021343496926 -4.441366450096979 -0.02950826350934624 -3.078751626756122 -0.3791353889044773 -4.893728912192295 
-2.0500136910278544 0.8300258779768696 2.88211990694545
-0.2140997303877432 -6.217100905552466 -3.046326633255315 -5.6404296580584266 -5.4751459987807305 -5.250295141868608 -0.8617956217477236 -3.9085080787492688 -1.254455961746128 -5.6969414628870805 
-3.5266270517376723 0.38119256563538056 3.6526525900319076
-0.3495339538187593 -6.342545984682685 -3.1753466903577947 -5.764171033842386 -5.597655466261759 -5.377457892740457 -0.9905875190230764 -4.02714557737064 -1.4205640297761188 -5.81807450171777 
-3.9879063274877358 0.38406769761801174 4.163132834084862
-0.5265025273031944 -6.52183490549831 -3.340461853520267 -5.9314157121428615 -5.769627903573447 -5.5457278895626265 -1.1751451120705567 -4.1924421364476565 -1.6161690148082217 -5.98386016736609 
-3.490899958475762 0.8685216036190333 2.760175399633158
0.20312991123931437 -5.785854799643929 -2.6104658404874934 -5.194129580434504 -5.009307351594915 -4.79596400807103 -0.4500838011246352 -3.450836004126434 -0.9580667069436825 -5.227128688984606 
-2.825429341548737 0.040780747495903616 2.9590041741555404
0.07514029592562048 -5.919418982756687 -2.742117750575683 -5.321663070861904 -5.14106900472337 -4.9293180803991365 -0.5805802765480332 -3.5773755892935823 -1.0912289693349049 -5.363435021123311 
-2.293739021279323 0.8841394859339974 1.6473619871144363
0.7394550257785403 -5.254739020333753 -2.1212400667928852 -4.656808610132089 -4.457187492053289 -4.260018724647793 0.06702940084109162 -2.9341833945256512 -0.48531417479155736 -4.672992694908064 
-1.3736690565948044 0.46695739612045495 1.52923501619215
0.5826759176923713 -5.402527502235779 -2.286935377187954 -4.81249980236679 -4.60590756067371 -4.416015910865912 -0.0926659898917325 -3.090454549656751 -0.6617987093083696 -4.813143541374208 
-2.2042034850494354 0.3307339866054324 2.2637299637740522
0.5224565846080844 -5.461781811951834 -2.3560081366147902 -4.861928039628225 -4.653538020483976 -4.465277136127391 -0.1522566039902417 -3.1501844070009133 -0.7506991561613219 -4.8604203490120055 
-2.2345411134084903 0.31109240763042506 2.7203456240047887
0.04863264404242041 -5.938713303470031 -2.8404685532413985 -5.331465708564743 -5.126416218414085 -4.94190658882531 -0.6346958831020237 -3.631930647726148 -1.2567545817353056 -5.329636923304912 
-2.786554260518069 0.5425494101259577 2.6607249006943925
0.178280431790407 -5.7999863886309955 -2.7093768883797664 -5.202130036882298 -4.976534448044685 -4.800004719273519 -0.5096105122281188 -3.496669859168859 -1.1808444144615453 -5.1781232355117135 
-3.1233748404630948 0.9021175090116519 3.8847106220001724
-0.585649918923418 -6.558840943767497 -3.466917543247507 -5.949130709681015 -5.71783058500668 -5.545383501843336 -1.2836413175812789 -4.240647012773093 -2.0275047871521132 -5.921784790544866 
-3.848046490865593 0.6882158105975664 3.3222462543993423
-0.07245357596004541 -6.033147714707253 -2.9473766639893877 -5.418692090898875 -5.178306446624851 -5.010214348465261 -0.7649708618959377 -3.7135673334500545 -1.5723777227897344 -5.376001145664828 
-2.8004252893515993 0.9263581864769603 2.928810904889352
-0.19818621276148188 -6.156033492154344 -3.09522359547525 -5.531734923641352 -5.277625602875501 -5.126355363684914 -0.9033164587727989 -3.84284471970186 -1.7955585277479278 -5.466812594312312 
-2.884331440679683 0.8679781235346522 2.843190105983663
-0.14797531516863285 -6.098323960572039 -3.065739181478359 -5.475090598747725 -5.212302190395029 -5.0678553763997 -0.8746522016426528 -3.7941280023391974 -1.8407827741565372 -5.383615976927056 
-3.673804135313109 0.7408965107956672 3.95182681531096
-0.43185831191617363 -6.377948231163587 -3.3295074033804744 -5.745637762181607 -5.461060239079586 -5.329271482860377 -1.149995449268686 -4.052161343878971 -2.170481399614558 -5.646577717430187 
-4.266550880155381 0.9954661509714228 4.725176248172963
-0.9151567047623947 -6.853253164978368 -3.772002607504072 -6.201734624233085 -5.910824943074644 -5.783126615048248 -1.6299640278791 -4.494016890857292 -2.6715323064709304 -6.093234052299906 
-4.276907985023884 0.5495014322209987 4.1217732668863265
-0.7581937825052616 -6.688869625922046 -3.609661746483565 -6.038911532034709 -5.740606609980424 -5.615244147775602 -1.474577184288095 -4.327504398546135 -2.5466042858622466 -5.917811131463065 
-3.922937216665115 0.1344201764183234 3.179353206363801
-0.024898187103004944 -5.952551593893508 -2.871027050667274 -5.295050540882175 -4.99280450982152 -4.873365660120235 -0.7369110630158838 -3.5860997762703657 -1.8189079789584792 -5.165851313231813 
-3.3731308547622247 0.23697789707296762 3.2957071865153593
0.05038806911374287 -5.874846392695855 -2.7875086867478394 -5.215747277490997 -4.903954509687178 -4.784180914009654 -0.6592324727753557 -3.5012644581904704 -1.7553278663372627 -5.076538679696085 
-2.6684494561134002 0.30664676800648216 2.765111090173256
-0.049323367178364816 -5.977282206074063 -2.893851034812385 -5.311296731631113 -4.9918699453382205 -4.885370949504401 -0.7626230966681373 -3.5983323771532976 -1.8784060773695046 -5.16648142499506 
-3.1062109514675877 0.6302580581972617 3.527958715866434
-0.46980227243963285 -6.393386572676668 -3.313549137179529 -5.719790108894144 -5.38720445947829 -5.2907652725127114 -1.1852793035627103 -4.013012776766028 -2.3481707060607224 -5.550793600534735 
-4.195841903531318 0.2921382174083693 4.977152738466821
-1.2560624417674986 -7.1713382781232085 -4.090433779774318 -6.497617406997217 -6.168117261161214 -6.06965389226417 -1.9719547708408987 -4.790749068510503 -3.1400078647096428 -6.328613358021028 
-5.234733190595725 0.6126639606304474 4.975776693536936
-1.0169541748031619 -6.924197420492587 -3.8245928946637346 -6.242636161937525 -5.898974022782455 -5.803471350670153 -1.7182308605514471 -4.521405935141356 -2.8859563327309523 -6.06354516779867 
