30.0 30.0 0.0
1002.642722697214543 0.5026976041135037 -1.7636362544176032
-0.6862951072372876 -0.860944695119505 0.27903397463136936 0.8484162336590495 
1.447267795498109 0.9456208146000267 -1.6782849158912216
-0.46980779097841696 -0.6507900640557432 0.51614864281404 1.104329923726118 
1.8513799429493327 0.49330424325424105 -1.5260701917574249
-0.7882076734163312 -0.9800048526862333 0.19914099728047555 0.7945828489148608 
1.0982564328196596 0.4084346548213837 -1.0652610405523864
-0.8184571516978028 -1.016715922788779 0.17155793363443744 0.7733245660571028 
1.0839835851001158 0.18893669288740367 -1.1972669432275824
-0.7186970198353685 -0.905959624389166 0.27792727409866 0.8879541185847188 
1.3263273904393529 0.703953735326609 -1.0122890716859678
-1.0336165268374253 -1.2329103703339652 -0.027244217851623648 0.5907715956203515 
0.57462256253571 0.8083062750235976 -0.726592099281639
-0.9000434652190872 -1.1092600740941372 0.10944450281609469 0.7476165238924536 
1.4926964977768564 0.2933159481320418 -2.1770059738712417
-0.22631748167152013 -0.43274692924411773 0.7948478424211654 1.4377185112209379 
2.564831802134679 0.5618065606656717 3.1989977295813947
-5.997121632854947 -6.205321069128347 -4.970093428116385 -4.321827611693729 
-3.305912152588015 0.8617268761753478 3.332629244820526
-6.027406177068154 -6.24103742094406 -4.9918285949245655 -4.32013353010231 
-3.3391079817370217 0.32163452839784273 3.282105285915663
-5.976054013624468 -6.185259529651375 -4.919439847524446 -4.249772612195734 
-8.631484736612949 0.42838481647735194 8.13644095606003
-5.474238334719129 -5.690768082533078 -4.427686355460656 -3.759038530641596 
-8.495707645163105 0.2143191896345078 8.574737630141202
-5.55888334985521 -5.768849927114381 -4.506170271936303 -3.8261034066212454 
-8.26826624459895 0.9167676404363327 8.770471603899619
-6.046832325913659 -6.254877013020785 -4.993326039998345 -4.312163640228487 
-3.388416172374187 0.03921073854728534 -2.1701605506788897
-0.4831622645816885 -0.6985422532788248 0.5688719391224468 1.2490134216052762 
1.6254480888609073 0.680992467752839 -1.2731095846493223
-0.8401357097999427 -1.0683176176086326 0.2177438286019831 0.9190453532637167 
0.7566039151199442 0.6644254078794939 -0.2925283141003271
-1.3179727659867364 -1.5356127152227146 -0.2410839122782987 0.46826444732386147 
0.6937148530782182 0.366385630149717 -0.7275718822029202
-1.2626432065128288 -1.499261119730354 -0.19205520173721705 0.5299797606201258 
0.5345995479982051 0.9332292941045087 -1.0771891594741607
-0.7407342977532417 -0.9791463485181101 0.3455432658136869 1.0894748580958407 
1.4488544806012065 0.17198044908221935 -1.403032804003837
-0.7893856580589564 -1.025275856837815 0.2997539413356674 1.0460766634496554 
1.6319492634956259 0.8347602779962048 -2.2336471288383986
-0.18373217360769817 -0.4372712461054698 0.9136195200879581 1.6803547002871204 
2.1439162389021256 0.43999972991711084 -2.1049766531847043
-0.230092827178727 -0.48556523178370126 0.8826170483331891 1.657077763892952 
2.07049940914473 0.5359534415378417 -1.4775737289515207
-0.8314273605484607 -1.0784526319036407 0.29654401049125345 1.0781888587069213 
0.9564095619587963 0.0419161884450765 -0.11131328918139499
-1.6654461457610348 -1.9284359243156044 -0.5380576163712227 0.2444488169960026 
-0.1244904052510879 0.7102778057823788 0.27391373464212954
-1.8355881377232242 -2.092624937184125 -0.7008525626882692 0.10686640446427492 
-1.0177945536310065 0.10947144649289238 0.9975395856054824
-1.8157705229472656 -2.074842053231109 -0.6767152262173542 0.12861554101547873 
-0.24890139833640132 0.5847028518089045 -0.06921988143816005
-1.497492688371089 -1.768518459150505 -0.36015025373412324 0.4540707238855515 
-0.12356331621756618 0.567220737361497 -0.27570922488524013
-1.1129733811384632 -1.385743783512417 0.035603431193222214 0.8627951731032267 
0.5207806852003931 0.07186140380005797 -0.7888478027985351
-0.8396641231368516 -1.1164805252799481 0.31141416186598486 1.1336069512183322 
0.8238557520614722 0.8203696273745693 -0.5364178978224184
-1.148362992615917 -1.424607504043923 0.009593762145663504 0.8601904664063273 
1.0626263106218594 0.2388096003406413 -1.6360709459702165
-0.5700917729447742 -0.8571742279915532 0.5928690558776248 1.4496000237417088 
2.3740153847662455 0.5242213536781383 2.943396509543805
-5.889279285774476 -6.177032962050914 -4.717243056951593 -3.8516216549879774 
-8.710950859560352 0.3271081752333714 2.797719109700014
0.023738254054295603 -0.2674521441950527 1.1952574948018726 2.0593962515605457 
-2.938315051724091 0.733543522436431 3.0805386455342028
-0.10967507041182573 -0.4058621658812507 1.0714677576090343 1.9425111867482876 
2.597960443247428 0.2871752537400466 -2.0866186797677932
-0.6315867533197905 -0.9196294884416896 0.564581811683381 1.4406367652816336 
1.8116966343846808 0.05732639342467801 -1.8177100625447313
-0.6128611955529136 -0.912539406675502 0.5764496266264587 1.4489370677433084 
2.0482558621535167 0.8546277250627027 -2.0985146869930436
-0.5700227765459015 -0.8705553514836492 0.6362142120456313 1.5315389715058998 
2.3059873970817204 0.578736542885413 -2.4681668807321935
-0.4137620806833529 -0.7271844133069411 0.805360414820211 1.715190902058115 
1.7439304746577484 0.1935825639636498 -1.0120829454733822
-1.1489978263196556 -1.462956563307097 0.08001775030121033 0.9879632678251186 
0.30783704649177834 0.6401902776886836 0.44148755831242
-1.9119562231563354 -2.2249143033765533 -0.6824732507183906 0.24932454518192823 
-0.4619287273408709 0.9908584575666233 0.22050735684994105
-1.6841955468389287 -2.0147974615530506 -0.44754301799674767 0.5098900094600104 
0.1546395149624425 0.7120448480362837 -0.8514846405280201
-0.9978929910964385 -1.3321376026356408 0.25243968561390406 1.2254432324498241 
1.0444445518671612 0.9959490563004615 -0.4984945640429065
-1.562251511801385 -1.9117078602166964 -0.2934607795794241 0.7159837016505947 
0.02685778150881966 0.6016389584237922 0.394754704648557
-1.9945959673541183 -2.350959170407231 -0.7204551809948555 0.30892636984611827 
-0.5239548151205787 0.957447196242508 0.6026583096053851
-2.088390841330137 -2.4440126887334763 -0.8073647065723897 0.24866129470731624 
-0.570639321388843 0.35838775826172903 -0.03085126832472627
-1.499995847812732 -1.8568345208109653 -0.2048406059898045 0.8573810783389487 
0.44787520383176727 0.8988667503185809 -0.8686916851108173
-1.0935777615523818 -1.463150618011499 0.21445150016604964 1.3110475867122673 
1.3913627859246323 0.8425969394426571 -1.9154357743848673
-0.5853926959558293 -0.9628261595020102 0.7427963551780878 1.8624790297418905 
2.431195237361236 0.9690914706432812 -2.9053352814722757
-0.1269580418577859 -0.5150552159023848 1.2271398492295256 2.3628017280533298 
-3.1679059347219805 0.9777406181699277 3.5896370224211815
-0.5405643413673168 -0.9444080143301417 0.827540614350311 1.9633514940912478 
2.4604508613112124 0.775694725044755 -2.9202360114972175
-0.08607693386846814 -0.49501776610996717 1.3060282976414226 2.448819385740923 
-3.0928814194060164 0.33119062757754364 3.3818523162284655
-0.3766629926523926 -0.7964275087128999 1.0193973387610762 2.1686964977304726 
2.8403792967646715 0.030266290772437 2.8625965252608303
-6.071574197828606 -6.493892644853192 -4.681054673655375 -3.535191676413955 
-2.910862899787457 0.6064650715795664 -2.8911414554460473
-0.28095191956958604 -0.7012684504880877 1.1309106165686786 2.2844047901790527 
-3.0163471466433913 0.8701541773170773 8.928631112941899
-6.18536280746733 -6.616360420706533 -4.760323540079261 -3.623112919016938 
-9.136387292237085 0.9108329937317959 9.191344738759833
-6.243292061818501 -6.691522597123921 -4.803681590485545 -3.662987989695678 
-9.266479156899065 0.9190926764514175 8.846890871813601
-5.822924847839579 -6.277870030030775 -4.363612040916424 -3.228044553374488 
-8.113874480733873 0.9043593599422455 7.513463411396656
-5.2138101424840695 -5.672402266572476 -3.7489623225567215 -2.630968543115654 
-7.311999138141429 0.1460086632919774 7.91816309278113
-5.816907165283638 -6.275928808919605 -4.360959645006624 -3.2425884872648676 
-8.103981679140345 0.8996410872776995 7.356897244153053
-5.06293928617412 -5.536563490819452 -3.605227102710902 -2.507196702522258 
-7.416924396738797 0.6300455551923194 7.621712866146517
-5.257724353412532 -5.725822923774337 -3.789194051170944 -2.7101941418501627 
-7.631394451400865 0.7475328342522584 8.065736915806843
-5.675957317474823 -6.151651846964662 -4.212619253618548 -3.139792327579712 
-8.668771031898444 0.6857122552842201 3.3128486526065566
-0.3166092883439104 -0.8047027713034507 1.1561097181853999 2.227949709919747 
2.178586192535641 0.766446069297055 -1.973179263780644
-0.5381420445047346 -1.0403860982430635 0.9642289646027724 2.0408318402886225 
2.0173813349026446 0.9281146669713373 -1.8943730293085423
-0.6703382264742758 -1.1895566467916987 0.8529124523997901 1.944099664520658 
1.4513711276214514 0.693570188588084 -1.497536661256807
-0.6340669948566029 -1.1662921166394455 0.9117867095699395 2.009878862344514 
2.0559379950502517 0.6707178712647585 -1.9167640617248518
-0.783717194292115 -1.330500434512536 0.7785953375109426 1.8918772613505526 
1.9226022294384062 0.7167684554567718 -2.6110696144445407
-0.10555933181992122 -0.6644332926176411 1.4805652108879295 2.5999816464623393 
2.934685291509157 0.9484016644780849 -2.7308567795893666
-0.31084388640383387 -0.8985411938819308 1.303927207279951 2.4157439561600915 
2.4635949953641534 0.312265408108562 -1.73501586233768
-1.0326808883292418 -1.6246030309356863 0.587692122753211 1.7009569136307843 
1.0503159856185953 0.42521135588988723 -0.30289296099234436
-1.7811118833235131 -2.3846670188349455 -0.14804635617977588 0.970523252247858 
-0.3719549375857146 0.09454325483619376 0.38624988183321524
-1.795378100158213 -2.395494009864259 -0.15991583729527648 0.9683245665132622 
-0.13546731056179656 0.9442335565407128 0.12830703696187865
-1.8138098750697842 -2.416643160536032 -0.15515847920659115 1.004177567058241 
-0.36008763882773165 0.9482135274460166 0.9217127532913892
-2.39900357442386 -2.996395568754266 -0.7166868304841487 0.46126369960323993 
-1.4377988146352199 0.9467001827333991 1.2021416074501219
-2.170604655224691 -2.7580878718565343 -0.49043794436856464 0.7128289650270576 
-1.2324959287010961 0.8114026077114624 2.1166134133367596
-3.058905797231207 -3.637095558413034 -1.3855146836940464 -0.15815378474573577 
-2.2245116765681217 0.8383192324109535 1.7773472313693492
-2.621743383285701 -3.183877166935754 -0.9526559001668395 0.2929830436302595 
-2.0477583054458477 0.8350788000534921 2.882223927313145
-3.454751686494725 -4.003402535420606 -1.7983410709561964 -0.5338001849203227 
-3.5254015664290144 0.4011577478728513 3.6510389802960215
-3.5780230141289566 -4.120858168964015 -1.9346831002187157 -0.6689688155055384 
-3.992025694833 0.3835153281959842 4.16343109977106
-3.745361006104578 -4.280675332766285 -2.1145321957915555 -0.8560257113079169 
-3.492714889212243 0.8722444141675 2.76077300026892
-3.00722622625584 -3.5352021613691904 -1.3994859917693692 -0.13603015682798875 
-2.832496777691971 0.028810857746483592 2.954583472677636
-3.141596518809919 -3.658327820372041 -1.5322579283437598 -0.2626844957288156 
-2.2952909303712548 0.8930986915875826 1.650009313460983
-2.5034334090311696 -3.008235409780625 -0.8998065227440304 0.39145241038707657 
-1.371690220908807 0.46097537202369293 1.529830705748186
-2.6667635879218468 -3.177324070454076 -1.0717535325391196 0.24461722821724793 
-2.20536925989561 0.33947798106461874 2.2663453325222616
-2.7246333599464845 -3.230442921237641 -1.1351359391354034 0.18031668346885862 
-2.2369266994809807 0.3224925106434231 2.7160358380625693
-3.2088320203073026 -3.709895680478674 -1.6276009262963558 -0.3012232938112684 
-2.7848447536883145 0.5505601568945581 2.6583489447950543
-3.081842084129153 -3.570694340665735 -1.502265475919683 -0.17793828407701937 
-3.128299826241631 0.8919873599234492 3.8835897446789605
-3.825292849515755 -4.307166716296478 -2.286207526197609 -0.9610036699732479 
-3.841545601452918 0.7090079616253229 3.329091140176098
-3.305025675510275 -3.7713575724090784 -1.7749034874967209 -0.4534703977914397 
-2.797981292534411 0.9117244163887622 2.9255105820723832
-3.4362330440403577 -3.897797899504792 -1.9259945845140773 -0.5941602871687386 
-2.8831169449198337 0.8553798325030739 2.846292488657413
-3.3954883084690173 -3.847057251068892 -1.9096919686751785 -0.555401930728514 
-3.678439108954204 0.7253855740656839 3.950626293584086
-3.6635901313458694 -4.0993936110120455 -2.189520251460644 -0.8502602747160082 
-4.265706455672109 0.9806393794080703 4.725338699710699
-4.099940020876982 -4.532234872607806 -2.6582741749838488 -1.344615496524783 
-4.2775392840127635 0.5572535917656215 4.117902402177999
-3.9411773965068124 -4.359558445233098 -2.509701067803658 -1.209714857941719 
-3.9211706956864463 0.15152251725269453 3.18145340655556
-3.196936335677279 -3.612738067744419 -1.7724962538410403 -0.4654842696617124 
-3.3785316561424787 0.22881934331066908 3.29271375840494
-3.118620890348761 -3.535057162074581 -1.697640576568807 -0.3981126133206724 
-2.672306638966829 0.3221995982880054 2.7679763722821513
-3.21895397968826 -3.6298083001301786 -1.8005004794476762 -0.4989511053023671 
-3.1116401062781094 0.6128192009167335 3.528624006488229
-3.635737503184618 -4.034667129310387 -2.23555373837675 -0.9379069296283983 
-4.195182098812742 0.3037473113678401 4.980328966544404
-4.4065924074904315 -4.815253886549041 -3.0202889052154203 -1.7318313676884043 
-5.237511412166175 0.6114989508598998 4.97075575935981
-4.142188558973929 -4.534901257760547 -2.7569345286375726 -1.5008998541282461 
